Aileen_Lloyd6053@avn7d.host
Luke_Blythe6290@xtwt3.software
Noah_Cobb7606@lhp4j.media
Johnny_Larkin7302@urn0m.video
Lynn_Lambert6142@bu2lo.catering
Mike_Warren2070@zynuu.solutions
Piper_Lee5879@lhp4j.solutions
Marjorie_Taylor7404@dbxli.directory
Penelope_Gordon731@lyvnc.us
Greta_Pope1673@gnjps.biz
Helen_Whinter1994@chkzl.pro
Fred_Russell5316@3wbkp.design
Claire_Turner3211@p5emz.info
Iris_Brennan8447@bu2lo.edu
William_Saunders7980@bqkv0.space
Danny_Tyrrell3163@hepmv.store
Peyton_Simpson7489@avn7d.tech
Kenzie_Simmons5101@urn0m.shop
Carina_Simmons6954@p5emz.directory
Vera_Styles7952@gnjps.meet
Ethan_Cox9191@xqj6f.org
